1.274154,5.055027,9.926772,18.9131,25.404258,35.508481
1.176441,4.642897,8.918815,16.100273,15.956958,12.9856
0.809381,3.144552,6.107572,11.401577,15.70898,20.575354
1.136085,4.404307,8.347193,14.662757,17.503131,19.22687
1.155638,3.479779,5.202087,5.896904,6.629614,7.301752
1.150253,3.386228,4.930194,5.609091,5.641646,5.512006


1.268701,5.074726,9.925949,18.922543,25.472051,35.225703
1.175791,4.60055,8.952479,16.121854,15.738918,12.871838
0.803188,3.143389,6.088507,11.413907,15.675278,20.439472
1.143917,4.41004,8.25175,14.390342,17.234667,19.196228
1.147442,2.999988,5.203509,5.871834,6.579521,7.335144
1.14801,3.396237,5.122876,5.564113,5.6476,5.432778


1.621133,6.604919,12.836377,24.245546,31.13363,42.24716
1.721027,6.785974,12.952225,23.66634,22.354437,19.147507
0.820298,3.204429,6.234377,11.735219,16.335387,21.624431
1.581956,5.994872,11.586939,19.870631,23.351843,25.624542
1.271889,3.893303,5.891073,7.127369,7.589851,7.729835
1.285036,3.808024,5.662503,6.576614,6.367342,6.358093


2.562011,10.578899,20.59188,39.153842,48.58475,64.360283
3.126061,12.333537,23.372179,41.899753,44.989398,38.511192
0.832862,3.291173,6.432804,12.284482,17.235633,23.572529
3.452981,13.130769,24.102306,40.586749,42.286764,47.347208
1.872306,5.779258,9.096299,11.749309,12.241359,12.548517
1.666106,5.137556,7.922095,9.463781,9.29798,9.427


