Group 1:
5.326173, 20.532249, 40.788144, 77.455671, 91.652813, 118.125642
7.808023, 28.611779, 54.393197, 97.287411, 101.787122, 132.886492
3.653644, 14.923091, 29.501016, 57.656615, 73.277947, 102.69452
1.782919, 7.109658, 14.402742, 28.267093, 35.036188, 47.927536
Group 2:
8.937687, 37.111563, 74.240252, 143.341629, 152.34654, 201.914085
10.056518, 42.692733, 81.987768, 156.555097, 172.609809, 232.187062
4.421537, 19.095966, 39.286753, 75.451914, 86.945528, 119.565553
2.190085, 9.043392, 18.255968, 34.788102, 40.655974, 55.195934
Group 3:
7.856023, 33.01364, 65.278161, 126.141626, 129.326297, 169.095212
9.61026, 38.915521, 75.432978, 141.948253, 145.468002, 187.893738
3.961659, 9.209838, 8.860018, 8.455887, 8.480657, 8.300752
2.288103, 9.383137, 18.709046, 36.595098, 50.180761, 70.721934
Group 4:
8.842656, 34.647729, 67.869315, 130.462353, 140.993385, 182.816595
11.322447, 41.313924, 77.393008, 132.986749, 149.885044, 195.011934
6.397333, 22.957017, 41.241716, 52.891301, 52.786328, 56.40503
4.264138, 17.102476, 34.104461, 62.298641, 70.866273, 99.527386
Group 5:
11.553292, 47.973194, 94.515448, 184.465372, 196.64935, 258.414255
16.117617, 64.028431, 129.380073, 244.904985, 257.843572, 319.754065
7.723476, 31.375973, 60.263867, 102.425575, 101.025148, 98.282098
4.296862, 16.12555, 35.181506, 63.168585, 78.144674, 104.824436
Group 6:
10.742584, 39.002189, 22.823228, 10.464271, 8.141453, 5.693878
12.410225, 45.13351, 44.072338, 14.709793, 12.595648, 10.455139
6.073989, 9.231594, 8.651835, 8.485284, 8.640326, 7.88426
5.524928, 22.72216, 44.992004, 86.374841, 102.664865, 137.09536
